0	0	0	3584	432	4	0
01	0	0	1792	216	4	0
011	0	0	896	108	0	0
012	896	0	896	108	4	0
0121	896	0	448	54	0	0
0122	1344	0	448	54	0	0
0123	896	54	448	54	0	0
0124	1344	54	448	54	4	0
01241	1344	54	224	27	4	0
012411	1344	54	112	13	0	0
012412	1456	54	112	13	0	2	46	81
012413	1344	67	112	13	0	0
012414	1456	67	112	13	0	2	46	81
01242	1568	54	224	27	4	0
012421	1568	54	112	13	0	2	46	81
012422	1680	54	112	13	0	0
012423	1568	67	112	13	0	4	21	46	47	81
012424	1680	67	112	13	0	0
01243	1344	81	224	27	4	0
012431	1344	81	112	13	0	2	44	80
012432	1456	81	112	13	0	0
012433	1344	94	112	13	0	2	44	80
012434	1456	94	112	13	0	1	9
01244	1568	81	224	27	4	0
012441	1568	81	112	13	0	3	21	27	47
012442	1680	81	112	13	0	2	48	68
012443	1568	94	112	13	0	4	10	21	27	47
012444	1680	94	112	13	0	2	48	68
013	0	108	896	108	4	0
0131	0	108	448	54	4	0
01311	0	108	224	27	0	0
01312	224	108	224	27	0	0
01313	0	135	224	27	4	0
013131	0	135	112	13	0	0
013132	112	135	112	13	0	0
013133	0	148	112	13	0	0
013134	112	148	112	13	0	2	15	22
01314	224	135	224	27	4	0
013141	224	135	112	13	0	0
013142	336	135	112	13	0	0
013143	224	148	112	13	0	2	17	23
013144	336	148	112	13	0	2	16	24
0132	448	108	448	54	4	0
01321	448	108	224	27	0	0
01322	672	108	224	27	4	0
013221	672	108	112	13	0	1	14
013222	784	108	112	13	0	0
013223	672	121	112	13	0	1	14
013224	784	121	112	13	0	0
01323	448	135	224	27	4	0
013231	448	135	112	13	0	0
013232	560	135	112	13	0	0
013233	448	148	112	13	0	2	18	20
013234	560	148	112	13	0	2	19	25
01324	672	135	224	27	4	0
013241	672	135	112	13	0	1	14
013242	784	135	112	13	0	2	36	60
013243	672	148	112	13	0	1	14
013244	784	148	112	13	0	2	36	60
0133	0	162	448	54	4	0
01331	0	162	224	27	4	0
013311	0	162	112	13	0	0
013312	112	162	112	13	0	2	15	22
013313	0	175	112	13	0	0
013314	112	175	112	13	0	2	15	22
01332	224	162	224	27	4	0
013321	224	162	112	13	0	2	17	23
013322	336	162	112	13	0	2	16	24
013323	224	175	112	13	0	2	17	23
013324	336	175	112	13	0	2	16	24
01333	0	189	224	27	4	0
013331	0	189	112	13	0	1	28
013332	112	189	112	13	0	3	15	22	28
013333	0	202	112	13	0	1	28
013334	112	202	112	13	0	1	28
01334	224	189	224	27	4	0
013341	224	189	112	13	0	3	17	23	28
013342	336	189	112	13	0	3	16	24	28
013343	224	202	112	13	0	1	28
013344	336	202	112	13	0	1	28
0134	448	162	448	54	4	0
01341	448	162	224	27	4	0
013411	448	162	112	13	0	2	18	20
013412	560	162	112	13	0	2	19	25
013413	448	175	112	13	0	2	18	20
013414	560	175	112	13	0	2	19	25
01342	672	162	224	27	4	0
013421	672	162	112	13	0	1	14
013422	784	162	112	13	0	0
013423	672	175	112	13	0	1	14
013424	784	175	112	13	0	2	35	59
01343	448	189	224	27	4	0
013431	448	189	112	13	0	3	18	20	28
013432	560	189	112	13	0	3	19	25	28
013433	448	202	112	13	0	1	28
013434	560	202	112	13	0	1	28
01344	672	189	224	27	4	0
013441	672	189	112	13	0	2	14	28
013442	784	189	112	13	0	2	35	59
013443	672	202	112	13	0	2	28	29
013444	784	202	112	13	0	1	29
014	896	108	896	108	4	0
0141	896	108	448	54	4	0
01411	896	108	224	27	0	0
01412	1120	108	224	27	0	0
01413	896	135	224	27	4	0
014131	896	135	112	13	0	2	37	76
014132	1008	135	112	13	0	2	39	77
014133	896	148	112	13	0	2	37	76
014134	1008	148	112	13	0	2	39	77
01414	1120	135	224	27	4	0
014141	1120	135	112	13	0	0
014142	1232	135	112	13	0	2	41	63
014143	1120	148	112	13	0	0
014144	1232	148	112	13	0	2	41	63
0142	1344	108	448	54	4	0
01421	1344	108	224	27	4	0
014211	1344	108	112	13	0	0
014212	1456	108	112	13	0	2	9	31
014213	1344	121	112	13	0	0
014214	1456	121	112	13	0	2	26	31
01422	1568	108	224	27	4	0
014221	1568	108	112	13	0	2	10	31
014222	1680	108	112	13	0	0
014223	1568	121	112	13	0	1	31
014224	1680	121	112	13	0	0
01423	1344	135	224	27	4	0
014231	1344	135	112	13	0	2	43	65
014232	1456	135	112	13	0	4	7	8	26	30
014233	1344	148	112	13	0	2	43	65
014234	1456	148	112	13	0	1	30
01424	1568	135	224	27	4	0
014241	1568	135	112	13	0	0
014242	1680	135	112	13	0	4	11	32	82	86
014243	1568	148	112	13	0	0
014244	1680	148	112	13	0	3	32	82	86
0143	896	162	448	54	4	0
01431	896	162	224	27	4	0
014311	896	162	112	13	0	0
014312	1008	162	112	13	0	0
014313	896	175	112	13	0	3	0	38	61
014314	1008	175	112	13	0	4	1	58	78	79
01432	1120	162	224	27	4	0
014321	1120	162	112	13	0	0
014322	1232	162	112	13	0	0
014323	1120	175	112	13	0	3	2	40	62
014324	1232	175	112	13	0	3	3	42	64
01433	896	189	224	27	4	0
014331	896	189	112	13	0	3	0	38	61
014332	1008	189	112	13	0	4	1	58	78	79
014333	896	202	112	13	0	2	0	29
014334	1008	202	112	13	0	2	1	29
01434	1120	189	224	27	4	0
014341	1120	189	112	13	0	3	2	40	62
014342	1232	189	112	13	0	3	3	42	64
014343	1120	202	112	13	0	2	2	29
014344	1232	202	112	13	0	2	3	29
0144	1344	162	448	54	4	0
01441	1344	162	224	27	4	0
014411	1344	162	112	13	0	0
014412	1456	162	112	13	0	0
014413	1344	175	112	13	0	0
014414	1456	175	112	13	0	2	45	66
01442	1568	162	224	27	4	0
014421	1568	162	112	13	0	0
014422	1680	162	112	13	0	0
014423	1568	175	112	13	0	0
014424	1680	175	112	13	0	2	49	67
01443	1344	189	224	27	4	0
014431	1344	189	112	13	0	1	6
014432	1456	189	112	13	0	2	45	66
014433	1344	202	112	13	0	2	6	29
014434	1456	202	112	13	0	1	29
01444	1568	189	224	27	4	0
014441	1568	189	112	13	0	0
014442	1680	189	112	13	0	2	49	67
014443	1568	202	112	13	0	1	29
014444	1680	202	112	13	0	1	29
02	1792	0	1792	216	4	0
021	1792	0	896	108	4	0
0211	1792	0	448	54	0	0
0212	2240	0	448	54	4	0
02121	2240	0	224	27	0	0
02122	2464	0	224	27	0	0
02123	2240	27	224	27	4	0
021231	2240	27	112	13	0	0
021232	2352	27	112	13	0	0
021233	2240	40	112	13	0	2	57	83
021234	2352	40	112	13	0	0
02124	2464	27	224	27	0	0
0213	1792	54	448	54	4	0
02131	1792	54	224	27	0	0
02132	2016	54	224	27	4	0
021321	2016	54	112	13	0	0
021322	2128	54	112	13	0	0
021323	2016	67	112	13	0	0
021324	2128	67	112	13	0	2	56	75
02133	1792	81	224	27	0	0
02134	2016	81	224	27	4	0
021341	2016	81	112	13	0	0
021342	2128	81	112	13	0	2	56	75
021343	2016	94	112	13	0	0
021344	2128	94	112	13	0	1	13
0214	2240	54	448	54	4	0
02141	2240	54	224	27	4	0
021411	2240	54	112	13	0	3	57	83	84
021412	2352	54	112	13	0	2	103	153
021413	2240	67	112	13	0	1	84
021414	2352	67	112	13	0	4	103	106	152	153
02142	2464	54	224	27	4	0
021421	2464	54	112	13	0	0
021422	2576	54	112	13	0	0
021423	2464	67	112	13	0	0
021424	2576	67	112	13	0	2	109	166
02143	2240	81	224	27	4	0
021431	2240	81	112	13	0	1	84
021432	2352	81	112	13	0	2	106	152
021433	2240	94	112	13	0	1	84
021434	2352	94	112	13	0	2	106	152
02144	2464	81	224	27	4	0
021441	2464	81	112	13	0	0
021442	2576	81	112	13	0	2	109	166
021443	2464	94	112	13	0	1	100
021444	2576	94	112	13	0	1	100
022	2688	0	896	108	4	0
0221	2688	0	448	54	4	0
02211	2688	0	224	27	0	0
02212	2912	0	224	27	0	0
02213	2688	27	224	27	4	0
022131	2688	27	112	13	0	0
022132	2800	27	112	13	0	0
022133	2688	40	112	13	0	2	110	167
022134	2800	40	112	13	0	0
02214	2912	27	224	27	0	0
0222	3136	0	448	54	0	0
0223	2688	54	448	54	4	0
02231	2688	54	224	27	4	0
022311	2688	54	112	13	0	2	110	167
022312	2800	54	112	13	0	1	136
022313	2688	67	112	13	0	2	111	168
022314	2800	67	112	13	0	1	136
02232	2912	54	224	27	4	0
022321	2912	54	112	13	0	0
022322	3024	54	112	13	0	0
022323	2912	67	112	13	0	0
022324	3024	67	112	13	0	0
02233	2688	81	224	27	4	0
022331	2688	81	112	13	0	2	111	168
022332	2800	81	112	13	0	3	136	169	182
022333	2688	94	112	13	0	0
022334	2800	94	112	13	0	3	136	169	182
02234	2912	81	224	27	4	0
022341	2912	81	112	13	0	2	169	182
022342	3024	81	112	13	0	2	171	184
022343	2912	94	112	13	0	3	142	169	182
022344	3024	94	112	13	0	2	171	184
0224	3136	54	448	54	4	0
02241	3136	54	224	27	0	0
02242	3360	54	224	27	4	0
022421	3360	54	112	13	0	1	151
022422	3472	54	112	13	0	0
022423	3360	67	112	13	0	1	151
022424	3472	67	112	13	0	0
02243	3136	81	224	27	0	0
02244	3360	81	224	27	0	0
023	1792	108	896	108	4	0
0231	1792	108	448	54	4	0
02311	1792	108	224	27	0	0
02312	2016	108	224	27	4	0
023121	2016	108	112	13	0	0
023122	2128	108	112	13	0	2	13	33
023123	2016	121	112	13	0	0
023124	2128	121	112	13	0	1	33
02313	1792	135	224	27	0	0
02314	2016	135	224	27	4	0
023141	2016	135	112	13	0	0
023142	2128	135	112	13	0	2	55	74
023143	2016	148	112	13	0	0
023144	2128	148	112	13	0	2	55	74
0232	2240	108	448	54	4	0
02321	2240	108	224	27	4	0
023211	2240	108	112	13	0	2	33	84
023212	2352	108	112	13	0	1	33
023213	2240	121	112	13	0	1	33
023214	2352	121	112	13	0	1	33
02322	2464	108	224	27	4	0
023221	2464	108	112	13	0	1	100
023222	2576	108	112	13	0	1	100
023223	2464	121	112	13	0	1	115
023224	2576	121	112	13	0	1	115
02323	2240	135	224	27	4	0
023231	2240	135	112	13	0	0
023232	2352	135	112	13	0	1	34
023233	2240	148	112	13	0	0
023234	2352	148	112	13	0	1	34
02324	2464	135	224	27	4	0
023241	2464	135	112	13	0	5	34	98	104	115	154
023242	2576	135	112	13	0	4	115	116	128	129
023243	2464	148	112	13	0	3	34	104	154
023244	2576	148	112	13	0	3	116	128	129
0233	1792	162	448	54	4	0
02331	1792	162	224	27	4	0
023311	1792	162	112	13	0	0
023312	1904	162	112	13	0	3	53	72	85
023313	1792	175	112	13	0	4	50	51	69	70
023314	1904	175	112	13	0	5	52	53	71	72	85
02332	2016	162	224	27	4	0
023321	2016	162	112	13	0	3	4	53	72
023322	2128	162	112	13	0	1	5
023323	2016	175	112	13	0	5	4	53	54	72	73
023324	2128	175	112	13	0	1	5
02333	1792	189	224	27	4	0
023331	1792	189	112	13	0	4	50	51	69	70
023332	1904	189	112	13	0	5	52	53	71	72	85
023333	1792	202	112	13	0	1	29
023334	1904	202	112	13	0	2	29	85
02334	2016	189	224	27	4	0
023341	2016	189	112	13	0	6	4	12	53	54	72	73
023342	2128	189	112	13	0	1	5
023343	2016	202	112	13	0	3	4	12	29
023344	2128	202	112	13	0	2	5	29
0234	2240	162	448	54	4	0
02341	2240	162	224	27	4	0
023411	2240	162	112	13	0	0
023412	2352	162	112	13	0	0
023413	2240	175	112	13	0	3	105	155	194
023414	2352	175	112	13	0	0
02342	2464	162	224	27	4	0
023421	2464	162	112	13	0	0
023422	2576	162	112	13	0	2	128	129
023423	2464	175	112	13	0	1	87
023424	2576	175	112	13	0	5	108	128	129	165	195
02343	2240	189	224	27	4	0
023431	2240	189	112	13	0	3	105	155	194
023432	2352	189	112	13	0	0
023433	2240	202	112	13	0	4	29	90	130	194
023434	2352	202	112	13	0	2	29	130
02344	2464	189	224	27	4	0
023441	2464	189	112	13	0	4	87	88	99	156
023442	2576	189	112	13	0	5	108	128	129	165	195
023443	2464	202	112	13	0	4	29	88	99	156
023444	2576	202	112	13	0	6	102	114	128	129	131	195
024	2688	108	896	108	4	0
0241	2688	108	448	54	4	0
02411	2688	108	224	27	4	0
024111	2688	108	112	13	0	1	117
024112	2800	108	112	13	0	2	117	136
024113	2688	121	112	13	0	1	117
024114	2800	121	112	13	0	1	117
02412	2912	108	224	27	4	0
024121	2912	108	112	13	0	4	117	142	170	183
024122	3024	108	112	13	0	1	172
024123	2912	121	112	13	0	3	117	170	183
024124	3024	121	112	13	0	1	172
02413	2688	135	224	27	4	0
024131	2688	135	112	13	0	2	116	127
024132	2800	135	112	13	0	0
024133	2688	148	112	13	0	1	116
024134	2800	148	112	13	0	0
02414	2912	135	224	27	4	0
024141	2912	135	112	13	0	2	140	143
024142	3024	135	112	13	0	3	140	144	172
024143	2912	148	112	13	0	1	140
024144	3024	148	112	13	0	1	140
0242	3136	108	448	54	4	0
02421	3136	108	224	27	0	0
02422	3360	108	224	27	4	0
024221	3360	108	112	13	0	1	196
024222	3472	108	112	13	0	0
024223	3360	121	112	13	0	1	196
024224	3472	121	112	13	0	0
02423	3136	135	224	27	4	0
024231	3136	135	112	13	0	2	176	187
024232	3248	135	112	13	0	2	178	188
024233	3136	148	112	13	0	2	176	187
024234	3248	148	112	13	0	2	178	188
02424	3360	135	224	27	4	0
024241	3360	135	112	13	0	2	178	188
024242	3472	135	112	13	0	4	146	150	180	190
024243	3360	148	112	13	0	2	178	188
024244	3472	148	112	13	0	5	146	180	181	190	191
0243	2688	162	448	54	4	0
02431	2688	162	224	27	0	0
02432	2912	162	224	27	4	0
024321	2912	162	112	13	0	1	173
024322	3024	162	112	13	0	1	174
024323	2912	175	112	13	0	1	173
024324	3024	175	112	13	0	3	174	175	185
02433	2688	189	224	27	4	0
024331	2688	189	112	13	0	1	126
024332	2800	189	112	13	0	0
024333	2688	202	112	13	0	2	114	126
024334	2800	202	112	13	0	1	114
02434	2912	189	224	27	4	0
024341	2912	189	112	13	0	1	173
024342	3024	189	112	13	0	3	174	175	185
024343	2912	202	112	13	0	2	114	173
024344	3024	202	112	13	0	2	114	174
0244	3136	162	448	54	4	0
02441	3136	162	224	27	4	0
024411	3136	162	112	13	0	6	176	177	186	187	192	193
024412	3248	162	112	13	0	2	178	188
024413	3136	175	112	13	0	4	177	186	192	193
024414	3248	175	112	13	0	0
02442	3360	162	224	27	4	0
024421	3360	162	112	13	0	2	178	188
024422	3472	162	112	13	0	5	149	180	181	190	191
024423	3360	175	112	13	0	2	179	189
024424	3472	175	112	13	0	2	147	148
02443	3136	189	224	27	4	0
024431	3136	189	112	13	0	5	145	177	186	192	193
024432	3248	189	112	13	0	0
024433	3136	202	112	13	0	4	114	145	192	193
024434	3248	202	112	13	0	1	114
02444	3360	189	224	27	4	0
024441	3360	189	112	13	0	2	179	189
024442	3472	189	112	13	0	2	147	148
024443	3360	202	112	13	0	1	114
024444	3472	202	112	13	0	1	114
03	0	216	1792	216	4	0
031	0	216	896	108	4	0
0311	0	216	448	54	0	0
0312	448	216	448	54	4	0
03121	448	216	224	27	0	0
03122	672	216	224	27	4	0
031221	672	216	112	13	0	1	29
031222	784	216	112	13	0	1	29
031223	672	229	112	13	0	0
031224	784	229	112	13	0	0
03123	448	243	224	27	0	0
03124	672	243	224	27	0	0
0313	0	270	448	54	0	0
0314	448	270	448	54	0	0
032	896	216	896	108	4	0
0321	896	216	448	54	4	0
03211	896	216	224	27	4	0
032111	896	216	112	13	0	1	29
032112	1008	216	112	13	0	1	29
032113	896	229	112	13	0	0
032114	1008	229	112	13	0	0
03212	1120	216	224	27	4	0
032121	1120	216	112	13	0	1	29
032122	1232	216	112	13	0	1	29
032123	1120	229	112	13	0	0
032124	1232	229	112	13	0	0
03213	896	243	224	27	0	0
03214	1120	243	224	27	0	0
0322	1344	216	448	54	4	0
03221	1344	216	224	27	4	0
032211	1344	216	112	13	0	1	29
032212	1456	216	112	13	0	1	29
032213	1344	229	112	13	0	0
032214	1456	229	112	13	0	0
03222	1568	216	224	27	4	0
032221	1568	216	112	13	0	1	29
032222	1680	216	112	13	0	1	29
032223	1568	229	112	13	0	0
032224	1680	229	112	13	0	0
03223	1344	243	224	27	0	0
03224	1568	243	224	27	0	0
0323	896	270	448	54	0	0
0324	1344	270	448	54	0	0
033	0	324	896	108	0	0
034	896	324	896	108	0	0
04	1792	216	1792	216	4	0
041	1792	216	896	108	4	0
0411	1792	216	448	54	4	0
04111	1792	216	224	27	4	0
041111	1792	216	112	13	0	1	29
041112	1904	216	112	13	0	1	29
041113	1792	229	112	13	0	0
041114	1904	229	112	13	0	0
04112	2016	216	224	27	4	0
041121	2016	216	112	13	0	1	29
041122	2128	216	112	13	0	1	29
041123	2016	229	112	13	0	0
041124	2128	229	112	13	0	0
04113	1792	243	224	27	0	0
04114	2016	243	224	27	0	0
0412	2240	216	448	54	4	0
04121	2240	216	224	27	4	0
041211	2240	216	112	13	0	1	29
041212	2352	216	112	13	0	2	29	89
041213	2240	229	112	13	0	0
041214	2352	229	112	13	0	1	97
04122	2464	216	224	27	4	0
041221	2464	216	112	13	0	1	29
041222	2576	216	112	13	0	3	114	128	129
041223	2464	229	112	13	0	0
041224	2576	229	112	13	0	1	112
04123	2240	243	224	27	4	0
041231	2240	243	112	13	0	0
041232	2352	243	112	13	0	2	123	158
041233	2240	256	112	13	0	2	122	157
041234	2352	256	112	13	0	2	123	158
04124	2464	243	224	27	4	0
041241	2464	243	112	13	0	0
041242	2576	243	112	13	0	0
041243	2464	256	112	13	0	4	124	125	159	160
041244	2576	256	112	13	0	4	118	119	161	162
0413	1792	270	448	54	0	0
0414	2240	270	448	54	4	0
04141	2240	270	224	27	4	0
041411	2240	270	112	13	0	2	122	157
041412	2352	270	112	13	0	3	96	123	158
041413	2240	283	112	13	0	0
041414	2352	283	112	13	0	2	91	96
04142	2464	270	224	27	4	0
041421	2464	270	112	13	0	4	124	125	159	160
041422	2576	270	112	13	0	4	118	119	161	162
041423	2464	283	112	13	0	0
041424	2576	283	112	13	0	0
04143	2240	297	224	27	4	0
041431	2240	297	112	13	0	0
041432	2352	297	112	13	0	1	91
041433	2240	310	112	13	0	1	92
041434	2352	310	112	13	0	1	92
04144	2464	297	224	27	4	0
041441	2464	297	112	13	0	0
041442	2576	297	112	13	0	0
041443	2464	310	112	13	0	2	92	93
041444	2576	310	112	13	0	2	93	94
042	2688	216	896	108	4	0
0421	2688	216	448	54	4	0
04211	2688	216	224	27	4	0
042111	2688	216	112	13	0	2	107	114
042112	2800	216	112	13	0	1	114
042113	2688	229	112	13	0	1	112
042114	2800	229	112	13	0	0
04212	2912	216	224	27	4	0
042121	2912	216	112	13	0	1	114
042122	3024	216	112	13	0	1	114
042123	2912	229	112	13	0	0
042124	3024	229	112	13	0	0
04213	2688	243	224	27	4	0
042131	2688	243	112	13	0	0
042132	2800	243	112	13	0	0
042133	2688	256	112	13	0	4	120	121	163	164
042134	2800	256	112	13	0	2	121	164
04214	2912	243	224	27	0	0
0422	3136	216	448	54	4	0
04221	3136	216	224	27	4	0
042211	3136	216	112	13	0	1	114
042212	3248	216	112	13	0	1	114
042213	3136	229	112	13	0	0
042214	3248	229	112	13	0	0
04222	3360	216	224	27	4	0
042221	3360	216	112	13	0	1	114
042222	3472	216	112	13	0	1	114
042223	3360	229	112	13	0	0
042224	3472	229	112	13	0	0
04223	3136	243	224	27	0	0
04224	3360	243	224	27	0	0
0423	2688	270	448	54	4	0
04231	2688	270	224	27	4	0
042311	2688	270	112	13	0	4	120	121	163	164
042312	2800	270	112	13	0	2	121	164
042313	2688	283	112	13	0	0
042314	2800	283	112	13	0	0
04232	2912	270	224	27	0	0
04233	2688	297	224	27	4	0
042331	2688	297	112	13	0	0
042332	2800	297	112	13	0	0
042333	2688	310	112	13	0	3	94	101	135
042334	2800	310	112	13	0	0
04234	2912	297	224	27	0	0
0424	3136	270	448	54	0	0
043	1792	324	896	108	4	0
0431	1792	324	448	54	0	0
0432	2240	324	448	54	4	0
04321	2240	324	224	27	4	0
043211	2240	324	112	13	0	1	92
043212	2352	324	112	13	0	1	92
043213	2240	337	112	13	0	0
043214	2352	337	112	13	0	0
04322	2464	324	224	27	4	0
043221	2464	324	112	13	0	2	92	93
043222	2576	324	112	13	0	2	93	94
043223	2464	337	112	13	0	0
043224	2576	337	112	13	0	0
04323	2240	351	224	27	4	0
043231	2240	351	112	13	0	0
043232	2352	351	112	13	0	0
043233	2240	364	112	13	0	1	138
043234	2352	364	112	13	0	1	138
04324	2464	351	224	27	4	0
043241	2464	351	112	13	0	0
043242	2576	351	112	13	0	0
043243	2464	364	112	13	0	1	138
043244	2576	364	112	13	0	1	138
0433	1792	378	448	54	0	0
0434	2240	378	448	54	4	0
04341	2240	378	224	27	4	0
043411	2240	378	112	13	0	1	132
043412	2352	378	112	13	0	0
043413	2240	391	112	13	0	1	132
043414	2352	391	112	13	0	0
04342	2464	378	224	27	4	0
043421	2464	378	112	13	0	2	113	137
043422	2576	378	112	13	0	1	139
043423	2464	391	112	13	0	2	113	137
043424	2576	391	112	13	0	1	139
04343	2240	405	224	27	4	0
043431	2240	405	112	13	0	1	132
043432	2352	405	112	13	0	0
043433	2240	418	112	13	0	1	132
043434	2352	418	112	13	0	0
04344	2464	405	224	27	4	0
043441	2464	405	112	13	0	2	113	137
043442	2576	405	112	13	0	0
043443	2464	418	112	13	0	2	113	137
043444	2576	418	112	13	0	0
044	2688	324	896	108	4	0
0441	2688	324	448	54	4	0
04411	2688	324	224	27	4	0
044111	2688	324	112	13	0	2	94	135
044112	2800	324	112	13	0	0
044113	2688	337	112	13	0	0
044114	2800	337	112	13	0	0
04412	2912	324	224	27	0	0
04413	2688	351	224	27	4	0
044131	2688	351	112	13	0	1	95
044132	2800	351	112	13	0	1	95
044133	2688	364	112	13	0	2	95	138
044134	2800	364	112	13	0	1	95
04414	2912	351	224	27	0	0
0442	3136	324	448	54	0	0
0443	2688	378	448	54	4	0
04431	2688	378	224	27	4	0
044311	2688	378	112	13	0	4	133	134	139	141
044312	2800	378	112	13	0	1	141
044313	2688	391	112	13	0	4	133	134	139	141
044314	2800	391	112	13	0	1	141
04432	2912	378	224	27	0	0
04433	2688	405	224	27	4	0
044331	2688	405	112	13	0	1	133
044332	2800	405	112	13	0	0
044333	2688	418	112	13	0	1	133
044334	2800	418	112	13	0	0
04434	2912	405	224	27	0	0
0444	3136	378	448	54	0	0
